Classification Report = 
              precision    recall  f1-score   support

           1       1.00      0.00      0.00         8
           2       1.00      0.00      0.00        15
           3       1.00      0.00      0.00         3
           4       0.11      1.00      0.19        11
           5       1.00      0.00      0.00        12
           6       1.00      0.00      0.00         9
           7       1.00      0.00      0.00        14
           8       1.00      0.00      0.00        13
           9       1.00      0.00      0.00         6
          10       1.00      0.00      0.00        11

    accuracy                           0.11       102
   macro avg       0.91      0.10      0.02       102
weighted avg       0.90      0.11      0.02       102
