Classification Report = 
              precision    recall  f1-score   support

           1       1.00      0.00      0.00         6
           2       1.00      0.00      0.00         2
           3       0.02      0.50      0.04         2
           4       1.00      0.00      0.00         4
           5       1.00      0.00      0.00         1
           6       0.00      0.00      0.00         1
           7       0.00      0.00      0.00         5
           8       1.00      0.00      0.00         4
           9       1.00      0.00      0.00         3
          10       1.00      0.00      0.00         3
          11       1.00      0.00      0.00         3
          12       1.00      0.00      0.00         4
          13       1.00      0.00      0.00         2
          14       1.00      0.00      0.00         2
          15       1.00      0.00      0.00         2
          16       0.00      0.00      0.00         3
          18       1.00      0.00      0.00         5
          19       1.00      0.00      0.00         2
          20       1.00      0.00      0.00         3
          21       1.00      0.00      0.00         2
          22       1.00      0.00      0.00         1
          23       1.00      0.00      0.00         4
          24       1.00      0.00      0.00         1
          25       1.00      0.00      0.00         2
          27       1.00      0.00      0.00         3
          28       1.00      0.00      0.00         2
          29       0.00      0.00      0.00         4
          30       1.00      0.00      0.00         1
          31       1.00      0.00      0.00         3
          32       1.00      0.00      0.00         2
          33       1.00      0.00      0.00         2
          34       1.00      0.00      0.00         1
          35       1.00      0.00      0.00         3
          36       1.00      0.00      0.00         2
          37       1.00      0.00      0.00         3
          38       0.00      0.00      0.00         1
          39       1.00      0.00      0.00         2
          40       1.00      0.00      0.00         6

    accuracy                           0.01       102
   macro avg       0.84      0.01      0.00       102
weighted avg       0.84      0.01      0.00       102
