Classification Report = 
              precision    recall  f1-score   support

           0       1.00      1.00      1.00         8
           1       0.83      0.56      0.67         9
           2       0.00      0.00      0.00         5
           3       0.64      0.69      0.67        13
           4       0.75      0.27      0.40        11
           5       1.00      0.00      0.00        10
           6       0.47      0.90      0.62        10
           7       0.00      0.00      0.00         5
           8       0.70      0.78      0.74         9
           9       0.46      0.75      0.57         8
          10       0.91      1.00      0.95        10
          11       0.40      0.50      0.44         4

    accuracy                           0.58       102
   macro avg       0.60      0.54      0.50       102
weighted avg       0.66      0.58      0.55       102
